9858756
7443916
17072591
12649484
6032570
7291377
10789198
13527595
5672628
21150898
16009751
16880132
16957130
14561867
22487042
12900173
21670308
15979164
19217383
6307586
18930184
14946348
16972103
16319913
24647659
6707583
16033924
16307604
23375893
19609350
12937347
11419232
20445043
21945724
16950153
15234179
20712823
23078951
22106310
24893105
24905195
24309167
13502495
22889563
15555675
21924296
13620867
13641584
1548447
24631397
8691160
20814781
15825887
6686883
15727523
8921612
18478284
15672827
10608568
5903265
14197034
16045386
6032578
21215301
23896052
14100946
14018386
13641576
13539314
13174731
13406193
5787405
5721498
14130088
6034019
2899326
3981480
16815322
11210998
12649484
20348917
21383252
17617461
11070333
3362036
20388498
15944067
15142987
12055324
21464344
19298423
15256343
15987666
6957905
15229057
17668074
11733709
12193179
8916071
9218268
8987806
3515384
1733121
15050599
8265619
9630005
11410073
3237847
13907995
19223127
19282821
20493211
14596845
2699187
15135221
21350434
7472425
130678
20599136
2782122
12213501
9875367
11742822
12217943
12411226
19901333
15763572
9877422
7762518
15564352
11480829
19124688
15234600
7932193
17207778
16389201
15282690
17072830
16341025
14622160
8793092
12898554
12885854
21123315
12218708
20186718
11512050
19501749
11135328
15902914
21123586
18095307
12543229
10795945
9987582
19643550
16300427
17372614
12521926
10657895
19186326
16256152
20417658
15649444
11054791
2087515
15677411
19733190
12117575
15010177
11325352
12488799
10896868
19173373
10065394
21295024
17659255
8801582
19131570
19125237
20655489
15234592
16254868
21269006
19528980
19724193
2780878
326174
18602652
18515456
16085593
9272677
17647277
17089414
1946701
20300082
19752722
19350040
19217918
15582668
1946582
21331066
6320300
21262247
21093444
19172596
16782181
16669597
20837037
19372198
1662169
17689576
21574664
18008320
10516481
21376721
20390605
17627984
16750901
18428649
18428650
18353432
18851983
9987581
20603139
17612580
16785214
20554102
18645575
15288384
21243475
20335547
16463758
12126984
20955107
18335494
11234257
21182882
20298708
11899012
21492094
17498757
16005912
17490740
7886192
8559783
17174852
19130488
16198008
15478135
17080436
5577895
18817759
18227630
1591977
20096668
15962882
21243478
17983709
18292774
1960764
20450244
12898555
11283309
20071471
16198769
19710631
16815322
16251991
11210998
12402102
10550488
9892292
2781295
20348917
8794935
17332411
21338879
17617461
15856062
15310906
11058476
16251987
10550496
18614026
18535246
19121351
8833446
18927395
18600315
18640912
15310907
11802171
2003866
19926299
11296093
12117573
20679212
15589112
12055324
21464344
12497624
18598772
16601652
17056407
10484959
17668074
11733709
11777668
17049754
21907742
15997017
19500625
17884016
15338104
11926938
18281835
6836286
20576893
16782231
9642846
10818158
9284860
15829645
8519431
19443136
7796157
16289451
15063998
15071103
19282821
16828053
9292629
14596845
12211085
12350285
12117571
17514480
17475727
12062905
12213501
10395000
9698975
18031422
19901333
19651613
7762518
19945803
21557958
17714197
17876511
14570543
16341025
16520437
14625453
16179667
20060105
12898554
17325683
19176747
9226337
21200070
20586757
20821736
20042860
20676364
12218708
20186718
11316921
18639867
17045749
17920248
19176750
21123586
19497349
6879185
20029382
15019430
9356889
307772
1388645
20689939
19369553
20097224
16641938
21274702
19125237
20580734
1792014
15650844
20477770
17971831
12900989
15920502
19740365
21887498
20495160
19350040
19634937
16782181
20141625
16482089
16463758
12525958
6494304
7886105
7455683
9054347
3631315
15486304
10550495
15367080
2037827
10474555
746091
9260073
11936247
11306631
11682798
9725113
16009751
12622340
12755458
11502091
11958785
8296947
15338104
10462089
14768665
15845306
15829733
10605852
10472517
15115805
10550487
14130099
12215238
6391261
9459563
16893275
1955823
3193054
16262913
14991223
14607149
10064821
16271818
8919422
14288349
3701262
15740780
12780361
1409026
11784459
11447569
5350629
9344425
8747506
15828589
5625463
14143926
16503707
15222962
8401595
1665095
12649484
10972458
18640920
19571793
9560846
18500330
12778052
8778304
10499584
18309087
16880132
15019432
12514228
17194762
2823173
19717140
19536111
19503082
18278040
15115805
12040071
12657709
8408768
7906426
18829433
9732375
7552364
23467346
14571257
20883460
24322203
27083258
16950153
15266353
25747926
23078951
10972464
10873922
16516871
23333263
23175840
15654869
24794705
27481050
22588352
19630734
8835722
22889563
21924296
21368124
20089902
17093088
27846219
26076340
25172480
24631397
17320828
19549007
18694805
30214041
24227722
28951251
23345217
25013755
25036890
29875447
28832319
16649512
9030894
30968487
28720904
26979294
28223211
21309959
31049772
